Yaounde: [3.87058,11.4845]
Guangzhou: [23.12939,113.25900]
KualaLumpur: [3.18306,101.71111]
Melbourne: [-37.81,144.96]
Quito: [-0.22,-78.51]
Copenhagen: [55.66,12.52]
Regina: [50.45,-104.62]
Seattle: [47.6619,-122.4313]