Yaounde: [3.87058,11.4845]
Guangzhou: [23.12939,113.25900]
Kuala Lumpur: [3.18306,101.71111]
Melbourne: [-37.81,144.96]
Quito: [-0.220096,-78.512104]
Copenhagen: [55.686700,12.570156]
Regina: [50.447537,-104.615880]
Seattle: [47.6619,-122.4313]